197, 0.746193, 0.142132
127, 0.622047, 0.251969
181, 0.707182, 0.127072
145, 0.682759, 0.17931
119, 0.571429, 0.252101
107, 0.598131, 0.28972
128, 0.648438, 0.203125
97, 0.824742, 0.0824742
73, 0.890411, 0.109589
109, 0.743119, 0.247706
-
229, 0.358079, 0.449782
156, 0.403846, 0.467949
209, 0.368421, 0.492823
231, 0.380952, 0.450216
173, 0.398844, 0.398844
164, 0.439024, 0.426829
175, 0.388571, 0.411429
144, 0.465278, 0.368056
134, 0.492537, 0.5
131, 0.519084, 0.450382
115, 0.626087, 0.373913
-
235, 0.251064, 0.319149, 0.429787
166, 0.253012, 0.319277, 0.427711
229, 0.283843, 0.283843, 0.432314
156, 0.352564, 0.25641, 0.391026
136, 0.316176, 0.345588, 0.338235
119, 0.310924, 0.361345, 0.327731
158, 0.386076, 0.253165, 0.360759
155, 0.412903, 0.23871, 0.348387
163, 0.294479, 0.251534, 0.453988
155, 0.432258, 0.2, 0.367742
-
178, 0.235955, 0.522472
220, 0.259091, 0.5
151, 0.298013, 0.483444
193, 0.243523, 0.518135
227, 0.242291, 0.511013
130, 0.207692, 0.553846
106, 0.311321, 0.45283
